0000
02c1
0000
0000
04ba
05a4
0000
02d7
0000
0ba9
01f1
0000
0000
0000
089c
0000
0000
023c
0000
02a8
0b45
0000
06eb
050d
019a
0000
0192
0000
0000
0000
0000
0000
0000
0000
0000
0000
0000
005f
0000
0000
0000
0814
0000
0000
0000
08fc
0000
0000
0000
0000
0000
0000
0000
0000
0000
0000
0000
0000
05cb
0823
0000
0000
0000
0000
0269
0000
01e1
0000
0000
0000
0000
01bc
0000
093f
0000
0000
01f4
0000
0677
0000
0000
0000
0000
0000
00d3
0a37
009e
1023
0000
1278
0000
0000
0000
0000
05d3
0000
0000
0000
0000
0000
0554
0000
0000
0000
0000
0000
0000
0000
0000
0390
0000
0000
0000
0000
048e
039f
0188
0000
0000
0000
0000
066c
0000
006e
0000
0000
0000
0000