-6795 5943 -11282
-1484 4530 930
2867 5330 2508
2289 2541 -4001
-3924 -6045 -9220
-8868 3303 -12056
6868 -12726 5429
7063 9289 9271
-2634 9989 422
2902 -2695 1710
-10417 -12848 -8069
-9992 -853 -5281
-4401 -4667 -2370
11835 10104 -2650
2398 -1499 10207
-5719 -2108 12535
-9509 -8754 -13251
8669 -2642 -1828
-4533 -6884 -3480
-7234 -12049 -1397
-2545 -8926 1933
-7769 -12097 -7416
-7992 -11094 -9682
-4859 12439 2231
10540 -4143 -6513
-6017 -7531 -3782
9433 -11212 1516
11435 5537 5374
1359 1666 -4444
-3583 5109 1936
-5740 6211 5660
-9374 11468 -12367
